(kicad_pcb (version 20171130) (host pcbnew "(5.0.0)")

  (general
    (thickness 1.6)
    (drawings 4)
    (tracks 1128)
    (zones 0)
    (modules 116)
    (nets 91)
  )

  (page A4)
  (layers
    (0 F.Cu signal)
    (31 B.Cu signal)
    (32 B.Adhes user)
    (33 F.Adhes user)
    (34 B.Paste user)
    (35 F.Paste user)
    (36 B.SilkS user)
    (37 F.SilkS user)
    (38 B.Mask user)
    (39 F.Mask user hide)
    (40 Dwgs.User user)
    (41 Cmts.User user)
    (42 Eco1.User user)
    (43 Eco2.User user)
    (44 Edge.Cuts user)
    (45 Margin user)
    (46 B.CrtYd user)
    (47 F.CrtYd user)
    (48 B.Fab user)
    (49 F.Fab user)
  )

  (setup
    (last_trace_width 0.25)
    (user_trace_width 0.1524)
    (user_trace_width 0.254)
    (user_trace_width 0.508)
    (user_trace_width 1.27)
    (user_trace_width 1.524)
    (user_trace_width 2.54)
    (trace_clearance 0.16)
    (zone_clearance 0.508)
    (zone_45_only no)
    (trace_min 0.1524)
    (segment_width 0.2)
    (edge_width 0.15)
    (via_size 0.6)
    (via_drill 0.4)
    (via_min_size 0.5)
    (via_min_drill 0.3)
    (uvia_size 0.3)
    (uvia_drill 0.1)
    (uvias_allowed no)
    (uvia_min_size 0.2)
    (uvia_min_drill 0.1)
    (pcb_text_width 0.3)
    (pcb_text_size 1.5 1.5)
    (mod_edge_width 0.15)
    (mod_text_size 1 1)
    (mod_text_width 0.15)
    (pad_size 1.524 1.524)
    (pad_drill 0.762)
    (pad_to_mask_clearance 0.2)
    (aux_axis_origin 139.192 159.766)
    (visible_elements 7FFFFFFF)
    (pcbplotparams
      (layerselection 0x00030_80000001)
      (usegerberextensions false)
      (usegerberattributes false)
      (usegerberadvancedattributes false)
      (creategerberjobfile false)
      (excludeedgelayer true)
      (linewidth 0.100000)
      (plotframeref false)
      (viasonmask false)
      (mode 1)
      (useauxorigin false)
      (hpglpennumber 1)
      (hpglpenspeed 20)
      (hpglpendiameter 15.000000)
      (psnegative false)
      (psa4output false)
      (plotreference true)
      (plotvalue true)
      (plotinvisibletext false)
      (padsonsilk false)
      (subtractmaskfromsilk false)
      (outputformat 1)
      (mirror false)
      (drillshape 1)
      (scaleselection 1)
      (outputdirectory ""))
  )

  (net 0 "")
  (net 1 "Net-(C1-Pad1)")
  (net 2 GND)
  (net 3 "Net-(C2-Pad1)")
  (net 4 "Net-(C3-Pad1)")
  (net 5 "Net-(C4-Pad1)")
  (net 6 "Net-(C5-Pad1)")
  (net 7 "Net-(C6-Pad1)")
  (net 8 +3V3)
  (net 9 VDD)
  (net 10 /Microcontroller/VDDANA)
  (net 11 /Microcontroller/VDDREF)
  (net 12 "Net-(D1-Pad2)")
  (net 13 "Net-(D1-Pad1)")
  (net 14 VBUS)
  (net 15 +VDC)
  (net 16 "Net-(J3-Pad2)")
  (net 17 GNDPWR)
  (net 18 "Net-(J4-Pad2)")
  (net 19 /Microcontroller/VDDMI)
  (net 20 "Net-(Q5-Pad2)")
  (net 21 "Net-(Q6-Pad2)")
  (net 22 "Net-(R2-Pad1)")
  (net 23 "Net-(R3-Pad1)")
  (net 24 "Net-(R4-Pad2)")
  (net 25 "Net-(R5-Pad2)")
  (net 26 "Net-(R7-Pad2)")
  (net 27 "Net-(R8-Pad2)")
  (net 28 "Net-(R9-Pad2)")
  (net 29 "Net-(R10-Pad2)")
  (net 30 "Net-(R11-Pad2)")
  (net 31 "Net-(R12-Pad2)")
  (net 32 "Net-(R13-Pad2)")
  (net 33 "Net-(R14-Pad2)")
  (net 34 /DriverStage/HEATER1)
  (net 35 /DriverStage/HEATER2)
  (net 36 /DriverStage/HEATER3)
  (net 37 /DriverStage/HEATER4)
  (net 38 /DriverStage/FAN1)
  (net 39 /DriverStage/FAN2)
  (net 40 /DriverStage/HEATER4_PWR)
  (net 41 /DriverStage/HEATER3_PWR)
  (net 42 /DriverStage/HEATER2_PWR)
  (net 43 /DriverStage/HEATER1_PWR)
  (net 44 /Microcontroller/E0DIR)
  (net 45 /Microcontroller/E1ENABLE)
  (net 46 /Microcontroller/E1DIR)
  (net 47 /Microcontroller/E0ENABLE)
  (net 48 /Microcontroller/E1STEP)
  (net 49 /Microcontroller/XSTEP)
  (net 50 /Microcontroller/XDIR)
  (net 51 /Microcontroller/YSTEP)
  (net 52 /Microcontroller/YDIR)
  (net 53 /Microcontroller/ZSTEP)
  (net 54 /Microcontroller/ZENABLE)
  (net 55 /Microcontroller/YENABLE)
  (net 56 /Microcontroller/XENABLE)
  (net 57 /Microcontroller/E0STEP)
  (net 58 /Microcontroller/ZDIR)
  (net 59 "Net-(R7-Pad1)")
  (net 60 "Net-(R10-Pad1)")
  (net 61 "Net-(R11-Pad1)")
  (net 62 "Net-(R13-Pad1)")
  (net 63 VAA)
  (net 64 +5V)
  (net 65 "Net-(C35-Pad1)")
  (net 66 "Net-(C39-Pad1)")
  (net 67 "/Motor Connections/ESX1")
  (net 68 "/Motor Connections/ESY1")
  (net 69 "/Motor Connections/ESZ1")
  (net 70 "/Motor Connections/ESX2")
  (net 71 "/Motor Connections/ESY2")
  (net 72 "/Motor Connections/ESZ2")
  (net 73 /Microcontroller/TEMP1)
  (net 74 /Microcontroller/TEMP2)
  (net 75 /Microcontroller/TEMP3)
  (net 76 "Net-(J21-Pad3)")
  (net 77 "Net-(J21-Pad2)")
  (net 78 "Net-(J25-Pad4)")
  (net 79 "Net-(J25-Pad8)")
  (net 80 "Net-(J25-Pad6)")
  (net 81 "Net-(J25-Pad2)")
  (net 82 "Net-(D4-Pad1)")
  (net 83 "Net-(D5-Pad1)")
  (net 84 "Net-(C31-Pad1)")
  (net 85 "Net-(D2-Pad2)")
  (net 86 "Net-(D2-Pad1)")
  (net 87 "Net-(D3-Pad1)")
  (net 88 "Net-(D3-Pad2)")
  (net 89 "Net-(D6-Pad2)")
  (net 90 "Net-(D6-Pad1)")

  (net_class Default "This is the default net class."
    (clearance 0.16)
    (trace_width 0.25)
    (via_dia 0.6)
    (via_drill 0.4)
    (uvia_dia 0.3)
    (uvia_drill 0.1)
    (add_net +3V3)
    (add_net +5V)
    (add_net +VDC)
    (add_net /DriverStage/FAN1)
    (add_net /DriverStage/FAN2)
    (add_net /DriverStage/HEATER1)
    (add_net /DriverStage/HEATER1_PWR)
    (add_net /DriverStage/HEATER2)
    (add_net /DriverStage/HEATER2_PWR)
    (add_net /DriverStage/HEATER3)
    (add_net /DriverStage/HEATER3_PWR)
    (add_net /DriverStage/HEATER4)
    (add_net /DriverStage/HEATER4_PWR)
    (add_net /Microcontroller/E0DIR)
    (add_net /Microcontroller/E0ENABLE)
    (add_net /Microcontroller/E0STEP)
    (add_net /Microcontroller/E1DIR)
    (add_net /Microcontroller/E1ENABLE)
    (add_net /Microcontroller/E1STEP)
    (add_net /Microcontroller/TEMP1)
    (add_net /Microcontroller/TEMP2)
    (add_net /Microcontroller/TEMP3)
    (add_net /Microcontroller/VDDANA)
    (add_net /Microcontroller/VDDMI)
    (add_net /Microcontroller/VDDREF)
    (add_net /Microcontroller/XDIR)
    (add_net /Microcontroller/XENABLE)
    (add_net /Microcontroller/XSTEP)
    (add_net /Microcontroller/YDIR)
    (add_net /Microcontroller/YENABLE)
    (add_net /Microcontroller/YSTEP)
    (add_net /Microcontroller/ZDIR)
    (add_net /Microcontroller/ZENABLE)
    (add_net /Microcontroller/ZSTEP)
    (add_net "/Motor Connections/ESX1")
    (add_net "/Motor Connections/ESX2")
    (add_net "/Motor Connections/ESY1")
    (add_net "/Motor Connections/ESY2")
    (add_net "/Motor Connections/ESZ1")
    (add_net "/Motor Connections/ESZ2")
    (add_net GND)
    (add_net GNDPWR)
    (add_net "Net-(C1-Pad1)")
    (add_net "Net-(C2-Pad1)")
    (add_net "Net-(C3-Pad1)")
    (add_net "Net-(C31-Pad1)")
    (add_net "Net-(C35-Pad1)")
    (add_net "Net-(C39-Pad1)")
    (add_net "Net-(C4-Pad1)")
    (add_net "Net-(C5-Pad1)")
    (add_net "Net-(C6-Pad1)")
    (add_net "Net-(D1-Pad1)")
    (add_net "Net-(D1-Pad2)")
    (add_net "Net-(D2-Pad1)")
    (add_net "Net-(D2-Pad2)")
    (add_net "Net-(D3-Pad1)")
    (add_net "Net-(D3-Pad2)")
    (add_net "Net-(D4-Pad1)")
    (add_net "Net-(D5-Pad1)")
    (add_net "Net-(D6-Pad1)")
    (add_net "Net-(D6-Pad2)")
    (add_net "Net-(J21-Pad2)")
    (add_net "Net-(J21-Pad3)")
    (add_net "Net-(J25-Pad2)")
    (add_net "Net-(J25-Pad4)")
    (add_net "Net-(J25-Pad6)")
    (add_net "Net-(J25-Pad8)")
    (add_net "Net-(J3-Pad2)")
    (add_net "Net-(J4-Pad2)")
    (add_net "Net-(Q5-Pad2)")
    (add_net "Net-(Q6-Pad2)")
    (add_net "Net-(R10-Pad1)")
    (add_net "Net-(R10-Pad2)")
    (add_net "Net-(R11-Pad1)")
    (add_net "Net-(R11-Pad2)")
    (add_net "Net-(R12-Pad2)")
    (add_net "Net-(R13-Pad1)")
    (add_net "Net-(R13-Pad2)")
    (add_net "Net-(R14-Pad2)")
    (add_net "Net-(R2-Pad1)")
    (add_net "Net-(R3-Pad1)")
    (add_net "Net-(R4-Pad2)")
    (add_net "Net-(R5-Pad2)")
    (add_net "Net-(R7-Pad1)")
    (add_net "Net-(R7-Pad2)")
    (add_net "Net-(R8-Pad2)")
    (add_net "Net-(R9-Pad2)")
    (add_net VAA)
    (add_net VBUS)
    (add_net VDD)
  )

  (module Capacitors_SMD:C_0805 (layer F.Cu) (tedit 58AA8463) (tstamp 5B43FBDE)
    (at 213.5251 106.4895)
    (descr "Capacitor SMD 0805, reflow soldering, AVX (see smccp.pdf)")
    (tags "capacitor 0805")
    (path /5B2631DE/5B26AA62)
    (attr smd)
    (fp_text reference C1 (at 0 -1.5) (layer F.SilkS)
      (effects (font (size 1 1) (thickness 0.15)))
    )
    (fp_text value 22p (at 0 1.75) (layer F.Fab)
      (effects (font (size 1 1) (thickness 0.15)))
    )
    (fp_line (start 1.75 0.87) (end -1.75 0.87) (layer F.CrtYd) (width 0.05))
    (fp_line (start 1.75 0.87) (end 1.75 -0.88) (layer F.CrtYd) (width 0.05))
    (fp_line (start -1.75 -0.88) (end -1.75 0.87) (layer F.CrtYd) (width 0.05))
    (fp_line (start -1.75 -0.88) (end 1.75 -0.88) (layer F.CrtYd) (width 0.05))
    (fp_line (start -0.5 0.85) (end 0.5 0.85) (layer F.SilkS) (width 0.12))
    (fp_line (start 0.5 -0.85) (end -0.5 -0.85) (layer F.SilkS) (width 0.12))
    (fp_line (start -1 -0.62) (end 1 -0.62) (layer F.Fab) (width 0.1))
    (fp_line (start 1 -0.62) (end 1 0.62) (layer F.Fab) (width 0.1))
    (fp_line (start 1 0.62) (end -1 0.62) (layer F.Fab) (width 0.1))
    (fp_line (start -1 0.62) (end -1 -0.62) (layer F.Fab) (width 0.1))
    (fp_text user %R (at 0 -1.5) (layer F.Fab)
      (effects (font (size 1 1) (thickness 0.15)))
    )
    (pad 2 smd rect (at 1 0) (size 1 1.25) (layers F.Cu F.Paste F.Mask)
      (net 2 GND))
    (pad 1 smd rect (at -1 0) (size 1 1.25) (layers F.Cu F.Paste F.Mask)
      (net 1 "Net-(C1-Pad1)"))
    (model Capacitors_SMD.3dshapes/C_0805.wrl
      (at (xyz 0 0 0))
      (scale (xyz 1 1 1))
      (rotate (xyz 0 0 0))
    )
  )

  (module Capacitors_SMD:C_0805 (layer F.Cu) (tedit 58AA8463) (tstamp 5B43FBEF)
    (at 211.72424 101.97592)
    (descr "Capacitor SMD 0805, reflow soldering, AVX (see smccp.pdf)")
    (tags "capacitor 0805")
    (path /5B2631DE/5B26AA5B)
    (attr smd)
    (fp_text reference C2 (at 0 -1.5) (layer F.SilkS)
      (effects (font (size 1 1) (thickness 0.15)))
    )
    (fp_text value 22p (at 0 1.75) (layer F.Fab)
      (effects (font (size 1 1) (thickness 0.15)))
    )
    (fp_text user %R (at 0 -1.5) (layer F.Fab)
      (effects (font (size 1 1) (thickness 0.15)))
    )
    (fp_line (start -1 0.62) (end -1 -0.62) (layer F.Fab) (width 0.1))
    (fp_line (start 1 0.62) (end -1 0.62) (layer F.Fab) (width 0.1))
    (fp_line (start 1 -0.62) (end 1 0.62) (layer F.Fab) (width 0.1))
    (fp_line (start -1 -0.62) (end 1 -0.62) (layer F.Fab) (width 0.1))
    (fp_line (start 0.5 -0.85) (end -0.5 -0.85) (layer F.SilkS) (width 0.12))
    (fp_line (start -0.5 0.85) (end 0.5 0.85) (layer F.SilkS) (width 0.12))
    (fp_line (start -1.75 -0.88) (end 1.75 -0.88) (layer F.CrtYd) (width 0.05))
    (fp_line (start -1.75 -0.88) (end -1.75 0.87) (layer F.CrtYd) (width 0.05))
    (fp_line (start 1.75 0.87) (end 1.75 -0.88) (layer F.CrtYd) (width 0.05))
    (fp_line (start 1.75 0.87) (end -1.75 0.87) (layer F.CrtYd) (width 0.05))
    (pad 1 smd rect (at -1 0) (size 1 1.25) (layers F.Cu F.Paste F.Mask)
      (net 3 "Net-(C2-Pad1)"))
    (pad 2 smd rect (at 1 0) (size 1 1.25) (layers F.Cu F.Paste F.Mask)
      (net 2 GND))
    (model Capacitors_SMD.3dshapes/C_0805.wrl
      (at (xyz 0 0 0))
      (scale (xyz 1 1 1))
      (rotate (xyz 0 0 0))
    )
  )

  (module Capacitors_SMD:C_0805 (layer F.Cu) (tedit 58AA8463) (tstamp 5B43FC00)
    (at 214.8967 88.8586 90)
    (descr "Capacitor SMD 0805, reflow soldering, AVX (see smccp.pdf)")
    (tags "capacitor 0805")
    (path /5B2631DE/5B26AA6A)
    (attr smd)
    (fp_text reference C3 (at 0 -1.5 90) (layer F.SilkS)
      (effects (font (size 1 1) (thickness 0.15)))
    )
    (fp_text value 22p (at 0 1.75 90) (layer F.Fab)
      (effects (font (size 1 1) (thickness 0.15)))
    )
    (fp_text user %R (at 0 -1.5 90) (layer F.Fab)
      (effects (font (size 1 1) (thickness 0.15)))
    )
    (fp_line (start -1 0.62) (end -1 -0.62) (layer F.Fab) (width 0.1))
    (fp_line (start 1 0.62) (end -1 0.62) (layer F.Fab) (width 0.1))
    (fp_line (start 1 -0.62) (end 1 0.62) (layer F.Fab) (width 0.1))
    (fp_line (start -1 -0.62) (end 1 -0.62) (layer F.Fab) (width 0.1))
    (fp_line (start 0.5 -0.85) (end -0.5 -0.85) (layer F.SilkS) (width 0.12))
    (fp_line (start -0.5 0.85) (end 0.5 0.85) (layer F.SilkS) (width 0.12))
    (fp_line (start -1.75 -0.88) (end 1.75 -0.88) (layer F.CrtYd) (width 0.05))
    (fp_line (start -1.75 -0.88) (end -1.75 0.87) (layer F.CrtYd) (width 0.05))
    (fp_line (start 1.75 0.87) (end 1.75 -0.88) (layer F.CrtYd) (width 0.05))
    (fp_line (start 1.75 0.87) (end -1.75 0.87) (layer F.CrtYd) (width 0.05))
    (pad 1 smd rect (at -1 0 90) (size 1 1.25) (layers F.Cu F.Paste F.Mask)
      (net 4 "Net-(C3-Pad1)"))
    (pad 2 smd rect (at 1 0 90) (size 1 1.25) (layers F.Cu F.Paste F.Mask)
      (net 2 GND))
    (model Capacitors_SMD.3dshapes/C_0805.wrl
      (at (xyz 0 0 0))
      (scale (xyz 1 1 1))
      (rotate (xyz 0 0 0))
    )
  )

  (module Capacitors_SMD:C_0805 (layer F.Cu) (tedit 58AA8463) (tstamp 5B43FC11)
    (at 214.92972 94.11208 270)
    (descr "Capacitor SMD 0805, reflow soldering, AVX (see smccp.pdf)")
    (tags "capacitor 0805")
    (path /5B2631DE/5B26AA51)
    (attr smd)
    (fp_text reference C4 (at 0 -1.5 270) (layer F.SilkS)
      (effects (font (size 1 1) (thickness 0.15)))
    )
    (fp_text value 22p (at 0 1.75 270) (layer F.Fab)
      (effects (font (size 1 1) (thickness 0.15)))
    )
    (fp_line (start 1.75 0.87) (end -1.75 0.87) (layer F.CrtYd) (width 0.05))
    (fp_line (start 1.75 0.87) (end 1.75 -0.88) (layer F.CrtYd) (width 0.05))
    (fp_line (start -1.75 -0.88) (end -1.75 0.87) (layer F.CrtYd) (width 0.05))
    (fp_line (start -1.75 -0.88) (end 1.75 -0.88) (layer F.CrtYd) (width 0.05))
    (fp_line (start -0.5 0.85) (end 0.5 0.85) (layer F.SilkS) (width 0.12))
    (fp_line (start 0.5 -0.85) (end -0.5 -0.85) (layer F.SilkS) (width 0.12))
    (fp_line (start -1 -0.62) (end 1 -0.62) (layer F.Fab) (width 0.1))
    (fp_line (start 1 -0.62) (end 1 0.62) (layer F.Fab) (width 0.1))
    (fp_line (start 1 0.62) (end -1 0.62) (layer F.Fab) (width 0.1))
    (fp_line (start -1 0.62) (end -1 -0.62) (layer F.Fab) (width 0.1))
    (fp_text user %R (at 0 -1.5 270) (layer F.Fab)
      (effects (font (size 1 1) (thickness 0.15)))
    )
    (pad 2 smd rect (at 1 0 270) (size 1 1.25) (layers F.Cu F.Paste F.Mask)
      (net 2 GND))
    (pad 1 smd rect (at -1 0 270) (size 1 1.25) (layers F.Cu F.Paste F.Mask)
      (net 5 "Net-(C4-Pad1)"))
    (model Capacitors_SMD.3dshapes/C_0805.wrl
      (at (xyz 0 0 0))
      (scale (xyz 1 1 1))
      (rotate (xyz 0 0 0))
    )
  )

  (module Capacitors_SMD:C_0805 (layer B.Cu) (tedit 58AA8463) (tstamp 5B4B0107)
    (at 197.79488 97.4598 270)
    (descr "Capacitor SMD 0805, reflow soldering, AVX (see smccp.pdf)")
    (tags "capacitor 0805")
    (path /5B2631DE/5B26AA1C)
    (attr smd)
    (fp_text reference C5 (at 0 1.5 270) (layer B.SilkS)
      (effects (font (size 1 1) (thickness 0.15)) (justify mirror))
    )
    (fp_text value 10p (at 0 -1.75 270) (layer B.Fab)
      (effects (font (size 1 1) (thickness 0.15)) (justify mirror))
    )
    (fp_text user %R (at 0 1.5 270) (layer B.Fab)
      (effects (font (size 1 1) (thickness 0.15)) (justify mirror))
    )
    (fp_line (start -1 -0.62) (end -1 0.62) (layer B.Fab) (width 0.1))
    (fp_line (start 1 -0.62) (end -1 -0.62) (layer B.Fab) (width 0.1))
    (fp_line (start 1 0.62) (end 1 -0.62) (layer B.Fab) (width 0.1))
    (fp_line (start -1 0.62) (end 1 0.62) (layer B.Fab) (width 0.1))
    (fp_line (start 0.5 0.85) (end -0.5 0.85) (layer B.SilkS) (width 0.12))
    (fp_line (start -0.5 -0.85) (end 0.5 -0.85) (layer B.SilkS) (width 0.12))
    (fp_line (start -1.75 0.88) (end 1.75 0.88) (layer B.CrtYd) (width 0.05))
    (fp_line (start -1.75 0.88) (end -1.75 -0.87) (layer B.CrtYd) (width 0.05))
    (fp_line (start 1.75 -0.87) (end 1.75 0.88) (layer B.CrtYd) (width 0.05))
    (fp_line (start 1.75 -0.87) (end -1.75 -0.87) (layer B.CrtYd) (width 0.05))
    (pad 1 smd rect (at -1 0 270) (size 1 1.25) (layers B.Cu B.Paste B.Mask)
      (net 6 "Net-(C5-Pad1)"))
    (pad 2 smd rect (at 1 0 270) (size 1 1.25) (layers B.Cu B.Paste B.Mask)
      (net 2 GND))
    (model Capacitors_SMD.3dshapes/C_0805.wrl
      (at (xyz 0 0 0))
      (scale (xyz 1 1 1))
      (rotate (xyz 0 0 0))
    )
  )

  (module Capacitors_SMD:C_0805 (layer F.Cu) (tedit 58AA8463) (tstamp 5B43FC33)
    (at 203.7588 106.66044 270)
    (descr "Capacitor SMD 0805, reflow soldering, AVX (see smccp.pdf)")
    (tags "capacitor 0805")
    (path /5B2631DE/5B26AB11)
    (attr smd)
    (fp_text reference C6 (at 0 -1.5 270) (layer F.SilkS)
      (effects (font (size 1 1) (thickness 0.15)))
    )
    (fp_text value 0.1u (at 0 1.75 270) (layer F.Fab)
      (effects (font (size 1 1) (thickness 0.15)))
    )
    (fp_line (start 1.75 0.87) (end -1.75 0.87) (layer F.CrtYd) (width 0.05))
    (fp_line (start 1.75 0.87) (end 1.75 -0.88) (layer F.CrtYd) (width 0.05))
    (fp_line (start -1.75 -0.88) (end -1.75 0.87) (layer F.CrtYd) (width 0.05))
    (fp_line (start -1.75 -0.88) (end 1.75 -0.88) (layer F.CrtYd) (width 0.05))
    (fp_line (start -0.5 0.85) (end 0.5 0.85) (layer F.SilkS) (width 0.12))
    (fp_line (start 0.5 -0.85) (end -0.5 -0.85) (layer F.SilkS) (width 0.12))
    (fp_line (start -1 -0.62) (end 1 -0.62) (layer F.Fab) (width 0.1))
    (fp_line (start 1 -0.62) (end 1 0.62) (layer F.Fab) (width 0.1))
    (fp_line (start 1 0.62) (end -1 0.62) (layer F.Fab) (width 0.1))
    (fp_line (start -1 0.62) (end -1 -0.62) (layer F.Fab) (width 0.1))
    (fp_text user %R (at 0 -1.5 270) (layer F.Fab)
      (effects (font (size 1 1) (thickness 0.15)))
    )
    (pad 2 smd rect (at 1 0 270) (size 1 1.25) (layers F.Cu F.Paste F.Mask)
      (net 2 GND))
    (pad 1 smd rect (at -1 0 270) (size 1 1.25) (layers F.Cu F.Paste F.Mask)
      (net 7 "Net-(C6-Pad1)"))
    (model Capacitors_SMD.3dshapes/C_0805.wrl
      (at (xyz 0 0 0))
      (scale (xyz 1 1 1))
      (rotate (xyz 0 0 0))
    )
  )

  (module Capacitors_SMD:C_0805 (layer F.Cu) (tedit 58AA8463) (tstamp 5B43FC44)
    (at 205.52664 106.69016 270)
    (descr "Capacitor SMD 0805, reflow soldering, AVX (see smccp.pdf)")
    (tags "capacitor 0805")
    (path /5B2631DE/5B26AB07)
    (attr smd)
    (fp_text reference C7 (at 0 -1.5 270) (layer F.SilkS)
      (effects (font (size 1 1) (thickness 0.15)))
    )
    (fp_text value 10u (at 0 1.75 270) (layer F.Fab)
      (effects (font (size 1 1) (thickness 0.15)))
    )
    (fp_line (start 1.75 0.87) (end -1.75 0.87) (layer F.CrtYd) (width 0.05))
    (fp_line (start 1.75 0.87) (end 1.75 -0.88) (layer F.CrtYd) (width 0.05))
    (fp_line (start -1.75 -0.88) (end -1.75 0.87) (layer F.CrtYd) (width 0.05))
    (fp_line (start -1.75 -0.88) (end 1.75 -0.88) (layer F.CrtYd) (width 0.05))
    (fp_line (start -0.5 0.85) (end 0.5 0.85) (layer F.SilkS) (width 0.12))
    (fp_line (start 0.5 -0.85) (end -0.5 -0.85) (layer F.SilkS) (width 0.12))
    (fp_line (start -1 -0.62) (end 1 -0.62) (layer F.Fab) (width 0.1))
    (fp_line (start 1 -0.62) (end 1 0.62) (layer F.Fab) (width 0.1))
    (fp_line (start 1 0.62) (end -1 0.62) (layer F.Fab) (width 0.1))
    (fp_line (start -1 0.62) (end -1 -0.62) (layer F.Fab) (width 0.1))
    (fp_text user %R (at 0 -1.5 270) (layer F.Fab)
      (effects (font (size 1 1) (thickness 0.15)))
    )
    (pad 2 smd rect (at 1 0 270) (size 1 1.25) (layers F.Cu F.Paste F.Mask)
      (net 2 GND))
    (pad 1 smd rect (at -1 0 270) (size 1 1.25) (layers F.Cu F.Paste F.Mask)
      (net 7 "Net-(C6-Pad1)"))
    (model Capacitors_SMD.3dshapes/C_0805.wrl
      (at (xyz 0 0 0))
      (scale (xyz 1 1 1))
      (rotate (xyz 0 0 0))
    )
  )

  (module Capacitors_SMD:C_0805 (layer F.Cu) (tedit 58AA8463) (tstamp 5B43FC55)
    (at 187.9219 103.6828 270)
    (descr "Capacitor SMD 0805, reflow soldering, AVX (see smccp.pdf)")
    (tags "capacitor 0805")
    (path /5B2631DE/5B2782C9)
    (attr smd)
    (fp_text reference C8 (at 0 -1.5 270) (layer F.SilkS)
      (effects (font (size 1 1) (thickness 0.15)))
    )
    (fp_text value 0.1u (at 0 1.75 270) (layer F.Fab)
      (effects (font (size 1 1) (thickness 0.15)))
    )
    (fp_line (start 1.75 0.87) (end -1.75 0.87) (layer F.CrtYd) (width 0.05))
    (fp_line (start 1.75 0.87) (end 1.75 -0.88) (layer F.CrtYd) (width 0.05))
    (fp_line (start -1.75 -0.88) (end -1.75 0.87) (layer F.CrtYd) (width 0.05))
    (fp_line (start -1.75 -0.88) (end 1.75 -0.88) (layer F.CrtYd) (width 0.05))
    (fp_line (start -0.5 0.85) (end 0.5 0.85) (layer F.SilkS) (width 0.12))
    (fp_line (start 0.5 -0.85) (end -0.5 -0.85) (layer F.SilkS) (width 0.12))
    (fp_line (start -1 -0.62) (end 1 -0.62) (layer F.Fab) (width 0.1))
    (fp_line (start 1 -0.62) (end 1 0.62) (layer F.Fab) (width 0.1))
    (fp_line (start 1 0.62) (end -1 0.62) (layer F.Fab) (width 0.1))
    (fp_line (start -1 0.62) (end -1 -0.62) (layer F.Fab) (width 0.1))
    (fp_text user %R (at 0 -1.5 270) (layer F.Fab)
      (effects (font (size 1 1) (thickness 0.15)))
    )
    (pad 2 smd rect (at 1 0 270) (size 1 1.25) (layers F.Cu F.Paste F.Mask)
      (net 2 GND))
    (pad 1 smd rect (at -1 0 270) (size 1 1.25) (layers F.Cu F.Paste F.Mask)
      (net 8 +3V3))
    (model Capacitors_SMD.3dshapes/C_0805.wrl
      (at (xyz 0 0 0))
      (scale (xyz 1 1 1))
      (rotate (xyz 0 0 0))
    )
  )

  (module Capacitors_SMD:C_0805 (layer F.Cu) (tedit 58AA8463) (tstamp 5B43FC66)
    (at 207.8007 96.4438)
    (descr "Capacitor SMD 0805, reflow soldering, AVX (see smccp.pdf)")
    (tags "capacitor 0805")
    (path /5B2631DE/5B2760C2)
    (attr smd)
    (fp_text reference C9 (at 0 -1.5) (layer F.SilkS)
      (effects (font (size 1 1) (thickness 0.15)))
    )
    (fp_text value 10u (at 0 1.75) (layer F.Fab)
      (effects (font (size 1 1) (thickness 0.15)))
    )
    (fp_line (start 1.75 0.87) (end -1.75 0.87) (layer F.CrtYd) (width 0.05))
    (fp_line (start 1.75 0.87) (end 1.75 -0.88) (layer F.CrtYd) (width 0.05))
    (fp_line (start -1.75 -0.88) (end -1.75 0.87) (layer F.CrtYd) (width 0.05))
    (fp_line (start -1.75 -0.88) (end 1.75 -0.88) (layer F.CrtYd) (width 0.05))
    (fp_line (start -0.5 0.85) (end 0.5 0.85) (layer F.SilkS) (width 0.12))
    (fp_line (start 0.5 -0.85) (end -0.5 -0.85) (layer F.SilkS) (width 0.12))
    (fp_line (start -1 -0.62) (end 1 -0.62) (layer F.Fab) (width 0.1))
    (fp_line (start 1 -0.62) (end 1 0.62) (layer F.Fab) (width 0.1))
    (fp_line (start 1 0.62) (end -1 0.62) (layer F.Fab) (width 0.1))
    (fp_line (start -1 0.62) (end -1 -0.62) (layer F.Fab) (width 0.1))
    (fp_text user %R (at 0 -1.5) (layer F.Fab)
      (effects (font (size 1 1) (thickness 0.15)))
    )
    (pad 2 smd rect (at 1 0) (size 1 1.25) (layers F.Cu F.Paste F.Mask)
      (net 2 GND))
    (pad 1 smd rect (at -1 0) (size 1 1.25) (layers F.Cu F.Paste F.Mask)
      (net 9 VDD))
    (model Capacitors_SMD.3dshapes/C_0805.wrl
      (at (xyz 0 0 0))
      (scale (xyz 1 1 1))
      (rotate (xyz 0 0 0))
    )
  )

  (module Capacitors_SMD:C_0805 (layer F.Cu) (tedit 58AA8463) (tstamp 5B43FC77)
    (at 207.8863 83.8581)
    (descr "Capacitor SMD 0805, reflow soldering, AVX (see smccp.pdf)")
    (tags "capacitor 0805")
    (path /5B2631DE/5B273B63)
    (attr smd)
    (fp_text reference C10 (at 0 -1.5) (layer F.SilkS)
      (effects (font (size 1 1) (thickness 0.15)))
    )
    (fp_text value 10u (at 0 1.75) (layer F.Fab)
      (effects (font (size 1 1) (thickness 0.15)))
    )
    (fp_line (start 1.75 0.87) (end -1.75 0.87) (layer F.CrtYd) (width 0.05))
    (fp_line (start 1.75 0.87) (end 1.75 -0.88) (layer F.CrtYd) (width 0.05))
    (fp_line (start -1.75 -0.88) (end -1.75 0.87) (layer F.CrtYd) (width 0.05))
    (fp_line (start -1.75 -0.88) (end 1.75 -0.88) (layer F.CrtYd) (width 0.05))
    (fp_line (start -0.5 0.85) (end 0.5 0.85) (layer F.SilkS) (width 0.12))
    (fp_line (start 0.5 -0.85) (end -0.5 -0.85) (layer F.SilkS) (width 0.12))
    (fp_line (start -1 -0.62) (end 1 -0.62) (layer F.Fab) (width 0.1))
    (fp_line (start 1 -0.62) (end 1 0.62) (layer F.Fab) (width 0.1))
    (fp_line (start 1 0.62) (end -1 0.62) (layer F.Fab) (width 0.1))
    (fp_line (start -1 0.62) (end -1 -0.62) (layer F.Fab) (width 0.1))
    (fp_text user %R (at 0 -1.5) (layer F.Fab)
      (effects (font (size 1 1) (thickness 0.15)))
    )
    (pad 2 smd rect (at 1 0) (size 1 1.25) (layers F.Cu F.Paste F.Mask)
      (net 2 GND))
    (pad 1 smd rect (at -1 0) (size 1 1.25) (layers F.Cu F.Paste F.Mask)
      (net 8 +3V3))
    (model Capacitors_SMD.3dshapes/C_0805.wrl
      (at (xyz 0 0 0))
      (scale (xyz 1 1 1))
      (rotate (xyz 0 0 0))
    )
  )

  (module Capacitors_SMD:C_0805 (layer B.Cu) (tedit 58AA8463) (tstamp 5B43FC88)
    (at 204.7494 97.25076 270)
    (descr "Capacitor SMD 0805, reflow soldering, AVX (see smccp.pdf)")
    (tags "capacitor 0805")
    (path /5B2631DE/5B27A3BF)
    (attr smd)
    (fp_text reference C11 (at 0 1.5 270) (layer B.SilkS)
      (effects (font (size 1 1) (thickness 0.15)) (justify mirror))
    )
    (fp_text value 10u (at 0 -1.75 270) (layer B.Fab)
      (effects (font (size 1 1) (thickness 0.15)) (justify mirror))
    )
    (fp_line (start 1.75 -0.87) (end -1.75 -0.87) (layer B.CrtYd) (width 0.05))
    (fp_line (start 1.75 -0.87) (end 1.75 0.88) (layer B.CrtYd) (width 0.05))
    (fp_line (start -1.75 0.88) (end -1.75 -0.87) (layer B.CrtYd) (width 0.05))
    (fp_line (start -1.75 0.88) (end 1.75 0.88) (layer B.CrtYd) (width 0.05))
    (fp_line (start -0.5 -0.85) (end 0.5 -0.85) (layer B.SilkS) (width 0.12))
    (fp_line (start 0.5 0.85) (end -0.5 0.85) (layer B.SilkS) (width 0.12))
    (fp_line (start -1 0.62) (end 1 0.62) (layer B.Fab) (width 0.1))
    (fp_line (start 1 0.62) (end 1 -0.62) (layer B.Fab) (width 0.1))
    (fp_line (start 1 -0.62) (end -1 -0.62) (layer B.Fab) (width 0.1))
    (fp_line (start -1 -0.62) (end -1 0.62) (layer B.Fab) (width 0.1))
    (fp_text user %R (at 0 1.5 270) (layer B.Fab)
      (effects (font (size 1 1) (thickness 0.15)) (justify mirror))
    )
    (pad 2 smd rect (at 1 0 270) (size 1 1.25) (layers B.Cu B.Paste B.Mask)
      (net 2 GND))
    (pad 1 smd rect (at -1 0 270) (size 1 1.25) (layers B.Cu B.Paste B.Mask)
      (net 19 /Microcontroller/VDDMI))
    (model Capacitors_SMD.3dshapes/C_0805.wrl
      (at (xyz 0 0 0))
      (scale (xyz 1 1 1))
      (rotate (xyz 0 0 0))
    )
  )

  (module Capacitors_SMD:C_0805 (layer F.Cu) (tedit 58AA8463) (tstamp 5B43FC99)
    (at 182.9435 73.787 90)
    (descr "Capacitor SMD 0805, reflow soldering, AVX (see smccp.pdf)")
    (tags "capacitor 0805")
    (path /5B2631DE/5B27609F)
    (attr smd)
    (fp_text reference C12 (at 0 -1.5 90) (layer F.SilkS)
      (effects (font (size 1 1) (thickness 0.15)))
    )
    (fp_text value 0.1u (at 0 1.75 90) (layer F.Fab)
      (effects (font (size 1 1) (thickness 0.15)))
    )
    (fp_text user %R (at 0 -1.5 90) (layer F.Fab)
      (effects (font (size 1 1) (thickness 0.15)))
    )
    (fp_line (start -1 0.62) (end -1 -0.62) (layer F.Fab) (width 0.1))
    (fp_line (start 1 0.62) (end -1 0.62) (layer F.Fab) (width 0.1))
    (fp_line (start 1 -0.62) (end 1 0.62) (layer F.Fab) (width 0.1))
    (fp_line (start -1 -0.62) (end 1 -0.62) (layer F.Fab) (width 0.1))
    (fp_line (start 0.5 -0.85) (end -0.5 -0.85) (layer F.SilkS) (width 0.12))
    (fp_line (start -0.5 0.85) (end 0.5 0.85) (layer F.SilkS) (width 0.12))
    (fp_line (start -1.75 -0.88) (end 1.75 -0.88) (layer F.CrtYd) (width 0.05))
    (fp_line (start -1.75 -0.88) (end -1.75 0.87) (layer F.CrtYd) (width 0.05))
    (fp_line (start 1.75 0.87) (end 1.75 -0.88) (layer F.CrtYd) (width 0.05))
    (fp_line (start 1.75 0.87) (end -1.75 0.87) (layer F.CrtYd) (width 0.05))
    (pad 1 smd rect (at -1 0 90) (size 1 1.25) (layers F.Cu F.Paste F.Mask)
      (net 9 VDD))
    (pad 2 smd rect (at 1 0 90) (size 1 1.25) (layers F.Cu F.Paste F.Mask)
      (net 2 GND))
    (model Capacitors_SMD.3dshapes/C_0805.wrl
      (at (xyz 0 0 0))
      (scale (xyz 1 1 1))
      (rotate (xyz 0 0 0))
    )
  )

  (module Capacitors_SMD:C_0805 (layer F.Cu) (tedit 58AA8463) (tstamp 5B43FCAA)
    (at 186.055 103.6955 270)
    (descr "Capacitor SMD 0805, reflow soldering, AVX (see smccp.pdf)")
    (tags "capacitor 0805")
    (path /5B2631DE/5B272DC3)
    (attr smd)
    (fp_text reference C13 (at 0 -1.5 270) (layer F.SilkS)
      (effects (font (size 1 1) (thickness 0.15)))
    )
    (fp_text value 0.1u (at 0 1.75 270) (layer F.Fab)
      (effects (font (size 1 1) (thickness 0.15)))
    )
    (fp_text user %R (at 0 -1.5 270) (layer F.Fab)
      (effects (font (size 1 1) (thickness 0.15)))
    )
    (fp_line (start -1 0.62) (end -1 -0.62) (layer F.Fab) (width 0.1))
    (fp_line (start 1 0.62) (end -1 0.62) (layer F.Fab) (width 0.1))
    (fp_line (start 1 -0.62) (end 1 0.62) (layer F.Fab) (width 0.1))
    (fp_line (start -1 -0.62) (end 1 -0.62) (layer F.Fab) (width 0.1))
    (fp_line (start 0.5 -0.85) (end -0.5 -0.85) (layer F.SilkS) (width 0.12))
    (fp_line (start -0.5 0.85) (end 0.5 0.85) (layer F.SilkS) (width 0.12))
    (fp_line (start -1.75 -0.88) (end 1.75 -0.88) (layer F.CrtYd) (width 0.05))
    (fp_line (start -1.75 -0.88) (end -1.75 0.87) (layer F.CrtYd) (width 0.05))
    (fp_line (start 1.75 0.87) (end 1.75 -0.88) (layer F.CrtYd) (width 0.05))
    (fp_line (start 1.75 0.87) (end -1.75 0.87) (layer F.CrtYd) (width 0.05))
    (pad 1 smd rect (at -1 0 270) (size 1 1.25) (layers F.Cu F.Paste F.Mask)
      (net 8 +3V3))
    (pad 2 smd rect (at 1 0 270) (size 1 1.25) (layers F.Cu F.Paste F.Mask)
      (net 2 GND))
    (model Capacitors_SMD.3dshapes/C_0805.wrl
      (at (xyz 0 0 0))
      (scale (xyz 1 1 1))
      (rotate (xyz 0 0 0))
    )
  )

  (module Capacitors_SMD:C_0805 (layer F.Cu) (tedit 58AA8463) (tstamp 5B6D614D)
    (at 207.8101 98.2472)
    (descr "Capacitor SMD 0805, reflow soldering, AVX (see smccp.pdf)")
    (tags "capacitor 0805")
    (path /5B2631DE/5B2782BB)
    (attr smd)
    (fp_text reference C14 (at 0 -1.5) (layer F.SilkS)
      (effects (font (size 1 1) (thickness 0.15)))
    )
    (fp_text value 0.1u (at 0 1.75) (layer F.Fab)
      (effects (font (size 1 1) (thickness 0.15)))
    )
    (fp_text user %R (at 0 -1.5) (layer F.Fab)
      (effects (font (size 1 1) (thickness 0.15)))
    )
    (fp_line (start -1 0.62) (end -1 -0.62) (layer F.Fab) (width 0.1))
    (fp_line (start 1 0.62) (end -1 0.62) (layer F.Fab) (width 0.1))
    (fp_line (start 1 -0.62) (end 1 0.62) (layer F.Fab) (width 0.1))
    (fp_line (start -1 -0.62) (end 1 -0.62) (layer F.Fab) (width 0.1))
    (fp_line (start 0.5 -0.85) (end -0.5 -0.85) (layer F.SilkS) (width 0.12))
    (fp_line (start -0.5 0.85) (end 0.5 0.85) (layer F.SilkS) (width 0.12))
    (fp_line (start -1.75 -0.88) (end 1.75 -0.88) (layer F.CrtYd) (width 0.05))
    (fp_line (start -1.75 -0.88) (end -1.75 0.87) (layer F.CrtYd) (width 0.05))
    (fp_line (start 1.75 0.87) (end 1.75 -0.88) (layer F.CrtYd) (width 0.05))
    (fp_line (start 1.75 0.87) (end -1.75 0.87) (layer F.CrtYd) (width 0.05))
    (pad 1 smd rect (at -1 0) (size 1 1.25) (layers F.Cu F.Paste F.Mask)
      (net 19 /Microcontroller/VDDMI))
    (pad 2 smd rect (at 1 0) (size 1 1.25) (layers F.Cu F.Paste F.Mask)
      (net 2 GND))
    (model Capacitors_SMD.3dshapes/C_0805.wrl
      (at (xyz 0 0 0))
      (scale (xyz 1 1 1))
      (rotate (xyz 0 0 0))
    )
  )

  (module Capacitors_SMD:C_0805 (layer F.Cu) (tedit 58AA8463) (tstamp 5B43FCCC)
    (at 184.277 103.7115 270)
    (descr "Capacitor SMD 0805, reflow soldering, AVX (see smccp.pdf)")
    (tags "capacitor 0805")
    (path /5B2631DE/5B2760A6)
    (attr smd)
    (fp_text reference C15 (at 0 -1.5 270) (layer F.SilkS)
      (effects (font (size 1 1) (thickness 0.15)))
    )
    (fp_text value 0.1u (at 0 1.75 270) (layer F.Fab)
      (effects (font (size 1 1) (thickness 0.15)))
    )
    (fp_text user %R (at 0 -1.5 270) (layer F.Fab)
      (effects (font (size 1 1) (thickness 0.15)))
    )
    (fp_line (start -1 0.62) (end -1 -0.62) (layer F.Fab) (width 0.1))
    (fp_line (start 1 0.62) (end -1 0.62) (layer F.Fab) (width 0.1))
    (fp_line (start 1 -0.62) (end 1 0.62) (layer F.Fab) (width 0.1))
    (fp_line (start -1 -0.62) (end 1 -0.62) (layer F.Fab) (width 0.1))
    (fp_line (start 0.5 -0.85) (end -0.5 -0.85) (layer F.SilkS) (width 0.12))
    (fp_line (start -0.5 0.85) (end 0.5 0.85) (layer F.SilkS) (width 0.12))
    (fp_line (start -1.75 -0.88) (end 1.75 -0.88) (layer F.CrtYd) (width 0.05))
    (fp_line (start -1.75 -0.88) (end -1.75 0.87) (layer F.CrtYd) (width 0.05))
    (fp_line (start 1.75 0.87) (end 1.75 -0.88) (layer F.CrtYd) (width 0.05))
    (fp_line (start 1.75 0.87) (end -1.75 0.87) (layer F.CrtYd) (width 0.05))
    (pad 1 smd rect (at -1 0 270) (size 1 1.25) (layers F.Cu F.Paste F.Mask)
      (net 9 VDD))
    (pad 2 smd rect (at 1 0 270) (size 1 1.25) (layers F.Cu F.Paste F.Mask)
      (net 2 GND))
    (model Capacitors_SMD.3dshapes/C_0805.wrl
      (at (xyz 0 0 0))
      (scale (xyz 1 1 1))
      (rotate (xyz 0 0 0))
    )
  )

  (module Capacitors_SMD:C_0805 (layer F.Cu) (tedit 58AA8463) (tstamp 5B43FCDD)
    (at 207.899 91.313)
    (descr "Capacitor SMD 0805, reflow soldering, AVX (see smccp.pdf)")
    (tags "capacitor 0805")
    (path /5B2631DE/5B273985)
    (attr smd)
    (fp_text reference C16 (at 0 -1.5) (layer F.SilkS)
      (effects (font (size 1 1) (thickness 0.15)))
    )
    (fp_text value 0.1u (at 0 1.75) (layer F.Fab)
      (effects (font (size 1 1) (thickness 0.15)))
    )
    (fp_line (start 1.75 0.87) (end -1.75 0.87) (layer F.CrtYd) (width 0.05))
    (fp_line (start 1.75 0.87) (end 1.75 -0.88) (layer F.CrtYd) (width 0.05))
    (fp_line (start -1.75 -0.88) (end -1.75 0.87) (layer F.CrtYd) (width 0.05))
    (fp_line (start -1.75 -0.88) (end 1.75 -0.88) (layer F.CrtYd) (width 0.05))
    (fp_line (start -0.5 0.85) (end 0.5 0.85) (layer F.SilkS) (width 0.12))
    (fp_line (start 0.5 -0.85) (end -0.5 -0.85) (layer F.SilkS) (width 0.12))
    (fp_line (start -1 -0.62) (end 1 -0.62) (layer F.Fab) (width 0.1))
    (fp_line (start 1 -0.62) (end 1 0.62) (layer F.Fab) (width 0.1))
    (fp_line (start 1 0.62) (end -1 0.62) (layer F.Fab) (width 0.1))
    (fp_line (start -1 0.62) (end -1 -0.62) (layer F.Fab) (width 0.1))
    (fp_text user %R (at 0 -1.5) (layer F.Fab)
      (effects (font (size 1 1) (thickness 0.15)))
    )
    (pad 2 smd rect (at 1 0) (size 1 1.25) (layers F.Cu F.Paste F.Mask)
      (net 2 GND))
    (pad 1 smd rect (at -1 0) (size 1 1.25) (layers F.Cu F.Paste F.Mask)
      (net 8 +3V3))
    (model Capacitors_SMD.3dshapes/C_0805.wrl
      (at (xyz 0 0 0))
      (scale (xyz 1 1 1))
      (rotate (xyz 0 0 0))
    )
  )

  (module Capacitors_SMD:C_0805 (layer F.Cu) (tedit 5B6D5249) (tstamp 5B43FCEE)
    (at 206.475 73.775 90)
    (descr "Capacitor SMD 0805, reflow soldering, AVX (see smccp.pdf)")
    (tags "capacitor 0805")
    (path /5B2631DE/5B2782D0)
    (attr smd)
    (fp_text reference C17 (at 0 -1.5 90) (layer F.SilkS)
      (effects (font (size 1 1) (thickness 0.15)))
    )
    (fp_text value 10u (at 0 1.75 90) (layer F.Fab)
      (effects (font (size 1 1) (thickness 0.15)))
    )
    (fp_text user %R (at 0 -1.5 90) (layer F.Fab)
      (effects (font (size 1 1) (thickness 0.15)))
    )
    (fp_line (start -1 0.62) (end -1 -0.62) (layer F.Fab) (width 0.1))
    (fp_line (start 1 0.62) (end -1 0.62) (layer F.Fab) (width 0.1))
    (fp_line (start 1 -0.62) (end 1 0.62) (layer F.Fab) (width 0.1))
    (fp_line (start -1 -0.62) (end 1 -0.62) (layer F.Fab) (width 0.1))
    (fp_line (start 0.5 -0.85) (end -0.5 -0.85) (layer F.SilkS) (width 0.12))
    (fp_line (start -0.5 0.85) (end 0.5 0.85) (layer F.SilkS) (width 0.12))
    (fp_line (start -1.75 -0.88) (end 1.75 -0.88) (layer F.CrtYd) (width 0.05))
    (fp_line (start -1.75 -0.88) (end -1.75 0.87) (layer F.CrtYd) (width 0.05))
    (fp_line (start 1.75 0.87) (end 1.75 -0.88) (layer F.CrtYd) (width 0.05))
    (fp_line (start 1.75 0.87) (end -1.75 0.87) (layer F.CrtYd) (width 0.05))
    (pad 1 smd rect (at -1 0 90) (size 1 1.25) (layers F.Cu F.Paste F.Mask)
      (net 10 /Microcontroller/VDDANA))
    (pad 2 smd rect (at 1 0 90) (size 1 1.25) (layers F.Cu F.Paste F.Mask)
      (net 2 GND))
    (model Capacitors_SMD.3dshapes/C_0805.wrl
      (at (xyz 0 0 0))
      (scale (xyz 1 1 1))
      (rotate (xyz 0 0 0))
    )
  )

  (module Capacitors_SMD:C_0805 (layer F.Cu) (tedit 58AA8463) (tstamp 5B43FCFF)
    (at 207.8449 94.5388)
    (descr "Capacitor SMD 0805, reflow soldering, AVX (see smccp.pdf)")
    (tags "capacitor 0805")
    (path /5B2631DE/5B2760AD)
    (attr smd)
    (fp_text reference C18 (at 0 -1.5) (layer F.SilkS)
      (effects (font (size 1 1) (thickness 0.15)))
    )
    (fp_text value 0.1u (at 0 1.75) (layer F.Fab)
      (effects (font (size 1 1) (thickness 0.15)))
    )
    (fp_line (start 1.75 0.87) (end -1.75 0.87) (layer F.CrtYd) (width 0.05))
    (fp_line (start 1.75 0.87) (end 1.75 -0.88) (layer F.CrtYd) (width 0.05))
    (fp_line (start -1.75 -0.88) (end -1.75 0.87) (layer F.CrtYd) (width 0.05))
    (fp_line (start -1.75 -0.88) (end 1.75 -0.88) (layer F.CrtYd) (width 0.05))
    (fp_line (start -0.5 0.85) (end 0.5 0.85) (layer F.SilkS) (width 0.12))
    (fp_line (start 0.5 -0.85) (end -0.5 -0.85) (layer F.SilkS) (width 0.12))
    (fp_line (start -1 -0.62) (end 1 -0.62) (layer F.Fab) (width 0.1))
    (fp_line (start 1 -0.62) (end 1 0.62) (layer F.Fab) (width 0.1))
    (fp_line (start 1 0.62) (end -1 0.62) (layer F.Fab) (width 0.1))
    (fp_line (start -1 0.62) (end -1 -0.62) (layer F.Fab) (width 0.1))
    (fp_text user %R (at 0 -1.5) (layer F.Fab)
      (effects (font (size 1 1) (thickness 0.15)))
    )
    (pad 2 smd rect (at 1 0) (size 1 1.25) (layers F.Cu F.Paste F.Mask)
      (net 2 GND))
    (pad 1 smd rect (at -1 0) (size 1 1.25) (layers F.Cu F.Paste F.Mask)
      (net 9 VDD))
    (model Capacitors_SMD.3dshapes/C_0805.wrl
      (at (xyz 0 0 0))
      (scale (xyz 1 1 1))
      (rotate (xyz 0 0 0))
    )
  )

  (module Capacitors_SMD:C_0805 (layer F.Cu) (tedit 58AA8463) (tstamp 5B43FD10)
    (at 207.899 89.4715)
    (descr "Capacitor SMD 0805, reflow soldering, AVX (see smccp.pdf)")
    (tags "capacitor 0805")
    (path /5B2631DE/5B273A75)
    (attr smd)
    (fp_text reference C19 (at 0 -1.5) (layer F.SilkS)
      (effects (font (size 1 1) (thickness 0.15)))
    )
    (fp_text value 0.1u (at 0 1.75) (layer F.Fab)
      (effects (font (size 1 1) (thickness 0.15)))
    )
    (fp_text user %R (at 0 -1.5) (layer F.Fab)
      (effects (font (size 1 1) (thickness 0.15)))
    )
    (fp_line (start -1 0.62) (end -1 -0.62) (layer F.Fab) (width 0.1))
    (fp_line (start 1 0.62) (end -1 0.62) (layer F.Fab) (width 0.1))
    (fp_line (start 1 -0.62) (end 1 0.62) (layer F.Fab) (width 0.1))
    (fp_line (start -1 -0.62) (end 1 -0.62) (layer F.Fab) (width 0.1))
    (fp_line (start 0.5 -0.85) (end -0.5 -0.85) (layer F.SilkS) (width 0.12))
    (fp_line (start -0.5 0.85) (end 0.5 0.85) (layer F.SilkS) (width 0.12))
    (fp_line (start -1.75 -0.88) (end 1.75 -0.88) (layer F.CrtYd) (width 0.05))
    (fp_line (start -1.75 -0.88) (end -1.75 0.87) (layer F.CrtYd) (width 0.05))
    (fp_line (start 1.75 0.87) (end 1.75 -0.88) (layer F.CrtYd) (width 0.05))
    (fp_line (start 1.75 0.87) (end -1.75 0.87) (layer F.CrtYd) (width 0.05))
    (pad 1 smd rect (at -1 0) (size 1 1.25) (layers F.Cu F.Paste F.Mask)
      (net 8 +3V3))
    (pad 2 smd rect (at 1 0) (size 1 1.25) (layers F.Cu F.Paste F.Mask)
      (net 2 GND))
    (model Capacitors_SMD.3dshapes/C_0805.wrl
      (at (xyz 0 0 0))
      (scale (xyz 1 1 1))
      (rotate (xyz 0 0 0))
    )
  )

  (module Capacitors_SMD:C_0805 (layer F.Cu) (tedit 58AA8463) (tstamp 5B43FD21)
    (at 204.575 73.75 90)
    (descr "Capacitor SMD 0805, reflow soldering, AVX (see smccp.pdf)")
    (tags "capacitor 0805")
    (path /5B2631DE/5B2782B4)
    (attr smd)
    (fp_text reference C20 (at 0 -1.5 90) (layer F.SilkS)
      (effects (font (size 1 1) (thickness 0.15)))
    )
